                               * d:\soc\cp\cp.cir
                               Transient Analysis  Mon Oct 03 21:10:57  2022
--------------------------------------------------------------------------------
Index   time            v1#branch       v2#branch       v3#branch       
--------------------------------------------------------------------------------
0	0.000000e+00	-1.90501e-04	0.000000e+00	0.000000e+00	
1	1.000000e-10	-1.86869e-04	5.877792e-09	-7.29664e-06	
2	2.000000e-10	-1.86240e-04	6.944549e-09	-7.87309e-06	
3	4.000000e-10	-1.85765e-04	7.379141e-09	-8.25973e-06	
4	8.000000e-10	-1.85895e-04	7.427171e-09	-8.10131e-06	
5	1.600000e-09	-1.85810e-04	8.968857e-09	-8.20223e-06	
6	3.200000e-09	-1.87614e-04	-1.33573e-08	-1.05440e-05	
7	4.871663e-09	-1.97174e-04	-6.51654e-08	-1.77367e-05	
8	6.316172e-09	-1.99075e-04	6.127864e-08	-5.16851e-06	
9	7.771244e-09	-1.95835e-04	-5.80004e-08	-1.80273e-05	
10	9.123265e-09	-1.83030e-04	5.479726e-08	-4.84458e-06	
11	1.000000e-08	-1.94859e-04	-5.02661e-08	-1.80674e-05	
12	1.015456e-08	-1.90843e-04	-5.65040e-09	-4.79957e-07	
13	1.046367e-08	-1.90274e-04	4.374016e-09	3.728877e-07	
14	1.108189e-08	-1.90740e-04	-3.83608e-09	-3.30436e-07	
15	1.231833e-08	-1.90316e-04	3.589402e-09	3.114328e-07	
16	1.479123e-08	-1.90719e-04	-3.47143e-09	-3.02474e-07	
17	1.973701e-08	-1.90322e-04	3.413628e-09	2.980870e-07	
18	2.000000e-08	-1.90664e-04	-2.46500e-09	-2.28427e-07	
19	2.013544e-08	-1.92173e-04	-5.27907e-10	1.162778e-05	
20	2.040633e-08	-1.91904e-04	3.843729e-10	1.169669e-05	
21	2.094811e-08	-1.91882e-04	-3.35443e-10	1.136685e-05	
22	2.203166e-08	-1.91544e-04	2.996846e-10	1.123398e-05	
23	2.419876e-08	-1.91602e-04	-3.14679e-10	1.095980e-05	
24	2.705689e-08	-1.97279e-04	-3.00883e-09	1.179852e-05	
25	3.000000e-08	-1.96527e-04	6.194097e-09	7.409259e-06	
26	3.030744e-08	-1.92309e-04	4.351340e-09	8.439599e-07	
27	3.092233e-08	-1.90992e-04	2.019128e-09	7.179080e-08	
28	3.215210e-08	-1.90786e-04	6.651283e-10	1.295994e-07	
29	3.401963e-08	-1.90537e-04	4.676466e-10	-5.18557e-08	
30	3.605026e-08	-1.90625e-04	1.819703e-10	7.364271e-08	
31	4.011153e-08	-1.90486e-04	2.232018e-10	-5.13558e-08	
32	4.823406e-08	-1.90573e-04	1.011525e-11	5.869665e-08	
33	5.823406e-08	-1.90465e-04	1.234749e-10	-5.18689e-08	
34	6.823406e-08	-1.90559e-04	-3.12944e-11	5.371979e-08	
35	7.823406e-08	-1.90463e-04	1.009352e-10	-4.95596e-08	
36	8.823406e-08	-1.90552e-04	-4.37929e-11	5.010481e-08	
37	9.823406e-08	-1.90463e-04	9.143462e-11	-4.68833e-08	
38	1.082341e-07	-1.90547e-04	-4.96742e-11	4.693176e-08	
39	1.182341e-07	-1.90465e-04	8.588812e-11	-4.42281e-08	
40	1.282341e-07	-1.90544e-04	-5.29444e-11	4.403125e-08	
41	1.382341e-07	-1.90467e-04	8.215410e-11	-4.16705e-08	
42	1.482341e-07	-1.90540e-04	-5.49200e-11	4.134270e-08	
43	1.582341e-07	-1.90469e-04	7.938876e-11	-3.92342e-08	
44	1.682341e-07	-1.90537e-04	-5.61578e-11	3.883546e-08	
45	1.782341e-07	-1.90471e-04	7.720204e-11	-3.69251e-08	
46	1.882341e-07	-1.90534e-04	-5.69370e-11	3.645266e-08	
47	1.982341e-07	-1.90473e-04	7.538819e-11	-3.47405e-08	
48	2.000000e-07	-1.90527e-04	-5.55943e-11	2.973291e-08	
49	2.001535e-07	-1.86574e-04	5.111204e-09	-7.54505e-06	
50	2.004606e-07	-1.85521e-04	6.245165e-09	-8.45484e-06	
51	2.010747e-07	-1.85989e-04	5.776505e-09	-7.96487e-06	
52	2.023030e-07	-1.85588e-04	8.787012e-09	-8.69436e-06	
53	2.037527e-07	-1.91455e-04	-4.08449e-08	-1.40282e-05	
54	2.050839e-07	-1.91305e-04	3.432616e-08	-1.19538e-05	

Index   time            v1#branch       v2#branch       v3#branch       
--------------------------------------------------------------------------------
55	2.068169e-07	-1.99031e-04	-3.27383e-08	-1.11460e-05	
56	2.083984e-07	-1.88761e-04	3.115166e-08	-1.14178e-05	
57	2.100000e-07	-1.89564e-04	-2.96800e-08	-1.17692e-05	
58	2.101949e-07	-1.90549e-04	-2.82236e-09	1.891500e-07	
59	2.105847e-07	-1.90491e-04	2.306374e-09	-1.41983e-07	
60	2.113642e-07	-1.90544e-04	-2.08044e-09	1.224669e-07	
61	2.129234e-07	-1.90493e-04	1.974771e-09	-1.13605e-07	
62	2.160416e-07	-1.90542e-04	-1.92379e-09	1.093541e-07	
63	2.200000e-07	-1.90491e-04	1.884333e-09	-1.06120e-07	
64	2.206237e-07	-1.92025e-04	1.408152e-11	1.163117e-05	
65	2.218710e-07	-1.91492e-04	-2.29156e-11	1.109595e-05	
66	2.243656e-07	-1.91675e-04	-6.13312e-12	1.112110e-05	
67	2.273045e-07	-1.98198e-04	-4.07149e-09	1.136829e-05	
68	2.300000e-07	-1.96237e-04	3.060541e-09	7.753299e-06	
69	2.303216e-07	-1.91647e-04	2.723985e-09	5.469620e-07	
70	2.309649e-07	-1.90814e-04	1.495985e-09	-6.84782e-10	
71	2.322514e-07	-1.90772e-04	5.931464e-10	1.369825e-07	
72	2.348244e-07	-1.90495e-04	3.417212e-10	-7.23725e-08	
73	2.374117e-07	-1.90626e-04	1.565281e-10	8.562634e-08	
74	2.425864e-07	-1.90461e-04	1.559851e-10	-6.73020e-08	
75	2.525864e-07	-1.90584e-04	2.637499e-11	7.197619e-08	
76	2.625864e-07	-1.90448e-04	7.933573e-11	-6.53433e-08	
77	2.725864e-07	-1.90572e-04	-4.55034e-12	6.632151e-08	
78	2.825864e-07	-1.90448e-04	6.359281e-11	-6.16180e-08	
79	2.925864e-07	-1.90565e-04	-1.43334e-11	6.144050e-08	
80	3.025864e-07	-1.90451e-04	5.642825e-11	-5.76536e-08	
81	3.125864e-07	-1.90559e-04	-1.94775e-11	5.704978e-08	
82	3.225864e-07	-1.90454e-04	5.219973e-11	-5.37960e-08	
83	3.325864e-07	-1.90554e-04	-2.26203e-11	5.299641e-08	
84	3.425864e-07	-1.90457e-04	4.939381e-11	-5.01101e-08	
85	3.525864e-07	-1.90550e-04	-2.47190e-11	4.922013e-08	
86	3.625864e-07	-1.90460e-04	4.737443e-11	-4.66130e-08	
87	3.725864e-07	-1.90546e-04	-2.61997e-11	4.568783e-08	
88	3.825864e-07	-1.90463e-04	4.583383e-11	-4.33059e-08	
89	3.925864e-07	-1.90542e-04	-2.72829e-11	4.237689e-08	
90	4.000000e-07	-1.90467e-04	4.471309e-11	-3.96107e-08	
91	4.004776e-07	-1.86113e-04	5.293252e-09	-7.95803e-06	
92	4.014329e-07	-1.85600e-04	6.586249e-09	-8.26956e-06	
93	4.033435e-07	-1.87960e-04	-1.00733e-08	-1.08058e-05	
94	4.052313e-07	-1.95146e-04	2.190776e-09	-1.48568e-05	
95	4.070518e-07	-1.93832e-04	-2.17343e-09	-8.31779e-06	
96	4.091347e-07	-1.90378e-04	2.122900e-09	-1.42294e-05	
97	4.100000e-07	-1.87815e-04	-2.00243e-09	-9.26265e-06	
98	4.102073e-07	-1.90487e-04	-2.40512e-10	1.267440e-07	
99	4.106218e-07	-1.90546e-04	1.971482e-10	-9.96700e-08	
100	4.114509e-07	-1.90496e-04	-1.78219e-10	8.830757e-08	
101	4.131091e-07	-1.90541e-04	1.692905e-10	-8.30939e-08	
102	4.164255e-07	-1.90496e-04	-1.65054e-10	8.062893e-08	
103	4.200000e-07	-1.90537e-04	1.610979e-10	-7.83831e-08	
104	4.205854e-07	-1.92035e-04	-4.32477e-11	1.163861e-05	
105	4.217562e-07	-1.91515e-04	3.159617e-11	1.112686e-05	
106	4.240978e-07	-1.91637e-04	-5.47943e-11	1.108785e-05	
107	4.270329e-07	-1.97061e-04	-3.04313e-09	1.169030e-05	
108	4.300000e-07	-1.96682e-04	6.450131e-09	7.520427e-06	
109	4.303111e-07	-1.92333e-04	4.449181e-09	8.585692e-07	
110	4.309333e-07	-1.90984e-04	2.003177e-09	6.420067e-08	
111	4.321777e-07	-1.90788e-04	6.806947e-10	1.336107e-07	
112	4.340402e-07	-1.90533e-04	4.467631e-10	-5.54519e-08	

Index   time            v1#branch       v2#branch       v3#branch       
--------------------------------------------------------------------------------
113	4.360744e-07	-1.90627e-04	2.022494e-10	7.614762e-08	
114	4.401427e-07	-1.90484e-04	2.032794e-10	-5.35119e-08	
115	4.482793e-07	-1.90575e-04	3.008858e-11	6.062617e-08	
116	4.582793e-07	-1.90463e-04	1.037629e-10	-5.36445e-08	
117	4.682793e-07	-1.90560e-04	-1.15578e-11	5.532888e-08	
118	4.782793e-07	-1.90461e-04	8.146588e-11	-5.10186e-08	
119	4.882793e-07	-1.90554e-04	-2.43503e-11	5.140406e-08	
120	4.982793e-07	-1.90462e-04	7.224039e-11	-4.80393e-08	
121	5.082793e-07	-1.90549e-04	-3.05260e-11	4.793828e-08	
122	5.182793e-07	-1.90464e-04	6.696899e-11	-4.50991e-08	
123	5.282793e-07	-1.90545e-04	-3.40862e-11	4.476188e-08	
124	5.382793e-07	-1.90466e-04	6.351004e-11	-4.22733e-08	
125	5.482793e-07	-1.90541e-04	-3.63472e-11	4.181350e-08	
126	5.582793e-07	-1.90469e-04	6.101839e-11	-3.95845e-08	
127	5.682793e-07	-1.90538e-04	-3.78659e-11	3.906162e-08	
128	5.782793e-07	-1.90471e-04	5.910314e-11	-3.70378e-08	
129	5.882793e-07	-1.90535e-04	-3.89190e-11	3.648594e-08	
130	5.982793e-07	-1.90473e-04	5.755802e-11	-3.46314e-08	
131	6.000000e-07	-1.90527e-04	-3.84379e-11	2.890308e-08	
132	6.001508e-07	-1.86585e-04	5.117690e-09	-7.53496e-06	
133	6.004523e-07	-1.85522e-04	6.265559e-09	-8.45509e-06	
134	6.010554e-07	-1.85987e-04	5.770682e-09	-7.96737e-06	
135	6.022615e-07	-1.85592e-04	8.738638e-09	-8.65551e-06	
136	6.036829e-07	-1.91246e-04	-4.07404e-08	-1.37079e-05	
137	6.050317e-07	-1.90936e-04	3.305854e-08	-1.24882e-05	
138	6.065815e-07	-2.00127e-04	-3.13780e-08	-1.06302e-05	
139	6.081602e-07	-1.89016e-04	2.986946e-08	-1.19811e-05	
140	6.099389e-07	-1.89380e-04	-2.86077e-08	-1.11136e-05	
141	6.100000e-07	-1.88423e-04	6.486981e-09	-1.01909e-05	
142	6.101223e-07	-1.90539e-04	6.939773e-10	-1.66129e-07	
143	6.103668e-07	-1.90498e-04	-5.19468e-10	1.129542e-07	
144	6.107797e-07	-1.90524e-04	4.431478e-10	-9.00800e-08	
145	6.116054e-07	-1.90504e-04	-4.10340e-10	8.046843e-08	
146	6.132567e-07	-1.90521e-04	3.949751e-10	-7.60413e-08	
147	6.165594e-07	-1.90505e-04	-3.87668e-10	7.395382e-08	
148	6.200000e-07	-1.90519e-04	3.806767e-10	-7.19776e-08	
149	6.205687e-07	-1.92033e-04	-4.02113e-11	1.164151e-05	
150	6.217060e-07	-1.91521e-04	2.879196e-11	1.114111e-05	
151	6.239807e-07	-1.91620e-04	-5.04769e-11	1.107812e-05	
152	6.269044e-07	-1.96563e-04	-2.45120e-09	1.182690e-05	
153	6.299776e-07	-1.96946e-04	8.130023e-09	7.449779e-06	
154	6.300000e-07	-1.97679e-04	4.774259e-09	9.880140e-06	
155	6.300449e-07	-1.93951e-04	6.226751e-09	1.863542e-06	
156	6.301346e-07	-1.93072e-04	7.257117e-09	1.176750e-06	
157	6.303065e-07	-1.92299e-04	4.376982e-09	7.993780e-07	
158	6.306503e-07	-1.91430e-04	3.265315e-09	3.207143e-07	
159	6.313379e-07	-1.90899e-04	1.029661e-09	1.202992e-07	
160	6.325346e-07	-1.90681e-04	1.027913e-09	2.681520e-08	
161	6.342049e-07	-1.90604e-04	6.214790e-11	3.222331e-08	
162	6.371384e-07	-1.90555e-04	5.516215e-10	-3.38367e-09	
163	6.422723e-07	-1.90534e-04	-1.96661e-10	1.799434e-08	
164	6.519782e-07	-1.90516e-04	3.912037e-10	-1.03901e-08	
165	6.619782e-07	-1.90514e-04	-2.72232e-10	1.474797e-08	
166	6.719782e-07	-1.90508e-04	3.546172e-10	-1.16594e-08	
167	6.819782e-07	-1.90510e-04	-2.86803e-10	1.404457e-08	
168	6.919782e-07	-1.90505e-04	3.395810e-10	-1.20753e-08	
169	7.019782e-07	-1.90508e-04	-2.91304e-10	1.373453e-08	
170	7.119782e-07	-1.90504e-04	3.300182e-10	-1.22835e-08	

Index   time            v1#branch       v2#branch       v3#branch       
--------------------------------------------------------------------------------
171	7.219782e-07	-1.90507e-04	-2.92371e-10	1.355373e-08	
172	7.319782e-07	-1.90503e-04	3.228196e-10	-1.24037e-08	
173	7.419782e-07	-1.90506e-04	-2.91838e-10	1.343248e-08	
174	7.519782e-07	-1.90502e-04	3.168476e-10	-1.24790e-08	
175	7.619782e-07	-1.90506e-04	-2.90445e-10	1.334310e-08	
176	7.719782e-07	-1.90502e-04	3.116035e-10	-1.25281e-08	
177	7.819782e-07	-1.90505e-04	-2.88545e-10	1.327268e-08	
178	7.919782e-07	-1.90502e-04	3.068336e-10	-1.25606e-08	
179	8.000000e-07	-1.90505e-04	-2.85805e-10	1.321605e-08	
180	8.004933e-07	-1.86104e-04	5.663054e-09	-7.95541e-06	
181	8.014799e-07	-1.85591e-04	7.121384e-09	-8.27270e-06	
182	8.030722e-07	-1.86756e-04	3.678876e-10	-9.82694e-06	
183	8.047340e-07	-1.95031e-04	-3.87332e-08	-1.72370e-05	
184	8.065100e-07	-1.95067e-04	3.663691e-08	-5.89114e-06	
185	8.081232e-07	-1.94730e-04	-3.47865e-08	-1.67302e-05	
186	8.099190e-07	-1.83770e-04	3.325721e-08	-6.37413e-06	
187	8.100000e-07	-1.92554e-04	-1.05238e-08	-1.47318e-05	
188	8.101319e-07	-1.90656e-04	-1.89663e-09	-2.91906e-07	
189	8.103957e-07	-1.90399e-04	1.381687e-09	2.254810e-07	
190	8.108471e-07	-1.90605e-04	-1.14530e-09	-1.96171e-07	
191	8.117499e-07	-1.90421e-04	1.041225e-09	1.835677e-07	
192	8.135555e-07	-1.90594e-04	-9.92460e-10	-1.77696e-07	
193	8.171667e-07	-1.90426e-04	9.686875e-10	1.749077e-07	
194	8.200000e-07	-1.90590e-04	-9.39278e-10	-1.71400e-07	
195	8.204540e-07	-1.92056e-04	-1.05065e-10	1.165532e-05	
196	8.213620e-07	-1.91598e-04	8.840516e-11	1.125199e-05	
197	8.231781e-07	-1.91597e-04	-9.98826e-11	1.107375e-05	
198	8.260716e-07	-1.93700e-04	-2.03826e-10	1.156842e-05	
199	8.290937e-07	-1.99553e-04	8.044376e-09	9.086696e-06	
200	8.300000e-07	-1.97218e-04	-3.58505e-09	1.042953e-05	
201	8.301652e-07	-1.91787e-04	2.101942e-09	7.163739e-07	
202	8.304956e-07	-1.90946e-04	2.600465e-09	2.785904e-08	
203	8.311563e-07	-1.90925e-04	6.627119e-10	1.917463e-07	
204	8.324778e-07	-1.90567e-04	1.062738e-09	-5.70991e-08	
205	8.349431e-07	-1.90654e-04	-1.41147e-10	9.205426e-08	
206	8.384030e-07	-1.90475e-04	6.184937e-10	-6.42597e-08	
207	8.452127e-07	-1.90592e-04	-3.30837e-10	7.213446e-08	
208	8.552127e-07	-1.90450e-04	4.885507e-10	-6.39643e-08	
209	8.652127e-07	-1.90574e-04	-3.80832e-10	6.563526e-08	
210	8.752127e-07	-1.90448e-04	4.560005e-10	-6.07990e-08	
211	8.852127e-07	-1.90566e-04	-3.90622e-10	6.095531e-08	
212	8.952127e-07	-1.90450e-04	4.402376e-10	-5.71830e-08	
213	9.052127e-07	-1.90561e-04	-3.92424e-10	5.681588e-08	
214	9.152127e-07	-1.90453e-04	4.291666e-10	-5.36226e-08	
215	9.252127e-07	-1.90556e-04	-3.91233e-10	5.301304e-08	
216	9.352127e-07	-1.90456e-04	4.202241e-10	-5.02037e-08	
217	9.452127e-07	-1.90552e-04	-3.88613e-10	4.947635e-08	
218	9.552127e-07	-1.90459e-04	4.124216e-10	-4.69516e-08	
219	9.652127e-07	-1.90548e-04	-3.85213e-10	4.617005e-08	
220	9.752127e-07	-1.90461e-04	4.053116e-10	-4.38710e-08	
221	9.852127e-07	-1.90544e-04	-3.81349e-10	4.307108e-08	
222	9.952127e-07	-1.90464e-04	3.986617e-10	-4.09591e-08	
223	1.000000e-06	-1.90539e-04	-3.74052e-10	3.867875e-08	
224	1.000312e-06	-1.86251e-04	5.640660e-09	-7.83082e-06	
225	1.000937e-06	-1.85540e-04	6.742767e-09	-8.34126e-06	
226	1.002186e-06	-1.85923e-04	8.162730e-09	-8.31397e-06	
227	1.003664e-06	-1.91957e-04	-5.20270e-08	-1.39885e-05	
228	1.005004e-06	-1.90025e-04	4.183324e-08	-1.25538e-05	

Index   time            v1#branch       v2#branch       v3#branch       
--------------------------------------------------------------------------------
229	1.006659e-06	-2.00372e-04	-3.98831e-08	-1.05402e-05	
230	1.008187e-06	-1.88274e-04	3.795287e-08	-1.20487e-05	
231	1.010000e-06	-1.90096e-04	-3.64208e-08	-1.10697e-05	
232	1.010188e-06	-1.90563e-04	-3.42406e-09	2.078539e-07	
233	1.010564e-06	-1.90481e-04	2.777990e-09	-1.54739e-07	
234	1.011315e-06	-1.90555e-04	-2.49649e-09	1.329220e-07	
235	1.012818e-06	-1.90484e-04	2.365195e-09	-1.23050e-07	
236	1.015824e-06	-1.90551e-04	-2.30191e-09	1.183232e-07	
237	1.020000e-06	-1.90483e-04	2.257178e-09	-1.15037e-07	
238	1.020601e-06	-1.92030e-04	2.704295e-11	1.163405e-05	
239	1.021804e-06	-1.91507e-04	-3.50020e-11	1.111527e-05	
240	1.024208e-06	-1.91650e-04	8.305760e-12	1.109828e-05	
241	1.027146e-06	-1.97528e-04	-3.59417e-09	1.155739e-05	
242	1.030000e-06	-1.96501e-04	5.046086e-09	7.615901e-06	
243	1.030315e-06	-1.92036e-04	3.848851e-09	7.201598e-07	
244	1.030946e-06	-1.90915e-04	1.859832e-09	3.478926e-08	
245	1.032207e-06	-1.90792e-04	5.325733e-10	1.424858e-07	
246	1.034284e-06	-1.90513e-04	4.972900e-10	-6.85156e-08	
247	1.036487e-06	-1.90635e-04	8.801194e-11	8.674699e-08	
248	1.040892e-06	-1.90468e-04	2.756650e-10	-6.55659e-08	
249	1.049704e-06	-1.90586e-04	-6.44330e-11	7.194301e-08	
250	1.059704e-06	-1.90450e-04	1.861869e-10	-6.51436e-08	
251	1.069704e-06	-1.90572e-04	-9.93221e-11	6.652528e-08	
252	1.079704e-06	-1.90449e-04	1.649467e-10	-6.21547e-08	
253	1.089704e-06	-1.90565e-04	-1.09938e-10	6.233694e-08	
254	1.099704e-06	-1.90450e-04	1.552376e-10	-5.88744e-08	
255	1.109704e-06	-1.90560e-04	-1.14614e-10	5.854527e-08	
256	1.119704e-06	-1.90453e-04	1.491575e-10	-5.56581e-08	
257	1.129704e-06	-1.90556e-04	-1.16881e-10	5.511704e-08	
258	1.139704e-06	-1.90455e-04	1.447707e-10	-5.25747e-08	
259	1.149704e-06	-1.90552e-04	-1.17942e-10	5.192863e-08	
260	1.159704e-06	-1.90458e-04	1.413013e-10	-4.96442e-08	
261	1.169704e-06	-1.90548e-04	-1.18313e-10	4.894908e-08	
262	1.179704e-06	-1.90460e-04	1.383861e-10	-4.68700e-08	
263	1.189704e-06	-1.90545e-04	-1.18252e-10	4.615789e-08	
264	1.199704e-06	-1.90463e-04	1.358321e-10	-4.42493e-08	
265	1.200000e-06	-1.90513e-04	-9.59454e-11	1.527699e-08	
266	1.200075e-06	-1.87001e-04	4.560810e-09	-7.14656e-06	
267	1.200226e-06	-1.85729e-04	6.306302e-09	-8.31906e-06	
268	1.200526e-06	-1.85850e-04	5.096488e-09	-8.15161e-06	
269	1.201128e-06	-1.85784e-04	6.737126e-09	-8.14230e-06	
270	1.202331e-06	-1.85739e-04	7.787405e-09	-8.60649e-06	
271	1.203787e-06	-1.91082e-04	-3.53457e-08	-1.41108e-05	
272	1.205124e-06	-1.92018e-04	2.988639e-08	-1.17301e-05	
273	1.206890e-06	-1.98216e-04	-2.85014e-08	-1.13757e-05	
274	1.208484e-06	-1.88982e-04	2.710478e-08	-1.11783e-05	
275	1.210000e-06	-1.89334e-04	-2.57275e-08	-1.20335e-05	
276	1.210196e-06	-1.90546e-04	-2.49662e-09	1.754834e-07	
277	1.210588e-06	-1.90500e-04	2.042287e-09	-1.31536e-07	
278	1.211373e-06	-1.90543e-04	-1.84319e-09	1.133264e-07	
279	1.212942e-06	-1.90500e-04	1.750018e-09	-1.05068e-07	
280	1.216081e-06	-1.90540e-04	-1.70507e-09	1.010941e-07	
281	1.220000e-06	-1.90498e-04	1.669694e-09	-9.80320e-08	
282	1.220628e-06	-1.92028e-04	7.219754e-12	1.163089e-05	
283	1.221883e-06	-1.91492e-04	-1.64397e-11	1.109233e-05	
284	1.224394e-06	-1.91684e-04	-1.29773e-11	1.112609e-05	
285	1.227337e-06	-1.98334e-04	-4.11960e-09	1.133630e-05	
286	1.230000e-06	-1.96159e-04	2.623683e-09	7.771195e-06	

Index   time            v1#branch       v2#branch       v3#branch       
--------------------------------------------------------------------------------
287	1.230320e-06	-1.91564e-04	2.484032e-09	5.118909e-07	
288	1.230960e-06	-1.90790e-04	1.426111e-09	-9.99670e-09	
289	1.232240e-06	-1.90772e-04	5.782417e-10	1.382254e-07	
290	1.234800e-06	-1.90493e-04	3.396596e-10	-7.37625e-08	
291	1.237545e-06	-1.90627e-04	1.495702e-10	8.739313e-08	
292	1.243034e-06	-1.90458e-04	1.512046e-10	-6.94309e-08	
293	1.253034e-06	-1.90586e-04	2.330706e-11	7.405336e-08	
294	1.263034e-06	-1.90445e-04	8.323985e-11	-6.75538e-08	
295	1.273034e-06	-1.90574e-04	-4.48744e-12	6.805789e-08	
296	1.283034e-06	-1.90446e-04	6.682112e-11	-6.35864e-08	
297	1.293034e-06	-1.90567e-04	-1.85307e-11	6.344279e-08	
298	1.303034e-06	-1.90448e-04	5.933835e-11	-5.95350e-08	
299	1.313034e-06	-1.90561e-04	-2.33375e-11	5.891864e-08	
300	1.323034e-06	-1.90452e-04	5.526085e-11	-5.55735e-08	
301	1.333034e-06	-1.90556e-04	-2.62948e-11	5.474720e-08	
302	1.343034e-06	-1.90455e-04	5.251150e-11	-5.17852e-08	
303	1.353034e-06	-1.90552e-04	-2.82697e-11	5.086269e-08	
304	1.363034e-06	-1.90458e-04	5.050766e-11	-4.81898e-08	
305	1.373034e-06	-1.90547e-04	-2.96570e-11	4.722984e-08	
306	1.383034e-06	-1.90462e-04	4.896165e-11	-4.47893e-08	
307	1.393034e-06	-1.90544e-04	-3.06634e-11	4.382493e-08	
308	1.400000e-06	-1.90465e-04	4.782680e-11	-4.08535e-08	
309	1.400453e-06	-1.86128e-04	5.246302e-09	-7.94662e-06	
310	1.401360e-06	-1.85596e-04	6.474034e-09	-8.27206e-06	
311	1.403174e-06	-1.87066e-04	-2.17257e-09	-1.00130e-05	
312	1.405093e-06	-1.95260e-04	-1.12151e-08	-1.58766e-05	
313	1.406894e-06	-1.94104e-04	1.056630e-08	-7.28456e-06	
314	1.408924e-06	-1.91732e-04	-1.01071e-08	-1.52607e-05	
315	1.410000e-06	-1.86524e-04	9.315363e-09	-8.13262e-06	
316	1.410209e-06	-1.90436e-04	7.725418e-10	1.493729e-07	
317	1.410628e-06	-1.90568e-04	-6.62103e-10	-1.20424e-07	
318	1.411466e-06	-1.90454e-04	6.127928e-10	1.082298e-07	
319	1.413140e-06	-1.90561e-04	-5.89664e-10	-1.02597e-07	
320	1.416490e-06	-1.90457e-04	5.783252e-10	9.994898e-08	
321	1.420000e-06	-1.90558e-04	-5.67862e-10	-9.74429e-08	
322	1.420572e-06	-1.92029e-04	-6.54847e-11	1.164018e-05	
323	1.421716e-06	-1.91514e-04	5.248985e-11	1.113885e-05	
324	1.424004e-06	-1.91619e-04	-7.37317e-11	1.107915e-05	
325	1.426916e-06	-1.96589e-04	-2.49982e-09	1.181257e-05	
326	1.429998e-06	-1.96967e-04	8.250985e-09	7.453176e-06	
327	1.430000e-06	-1.97252e-04	9.664031e-09	9.463336e-06	
328	1.430005e-06	-1.94218e-04	7.718901e-09	1.964959e-06	
329	1.430014e-06	-1.94082e-04	8.207169e-09	1.669047e-06	
330	1.430033e-06	-1.93948e-04	8.202347e-09	1.788065e-06	
331	1.430071e-06	-1.93610e-04	7.770229e-09	1.409735e-06	
332	1.430148e-06	-1.93139e-04	6.602290e-09	1.330477e-06	
333	1.430300e-06	-1.92357e-04	5.078853e-09	7.242963e-07	
334	1.430605e-06	-1.91561e-04	3.089320e-09	4.902036e-07	
335	1.431215e-06	-1.90935e-04	1.615131e-09	2.668831e-08	
336	1.432411e-06	-1.90714e-04	6.824914e-10	1.431667e-07	
337	1.433943e-06	-1.90591e-04	4.670455e-10	-7.86316e-08	
338	1.436749e-06	-1.90580e-04	1.971728e-10	1.099046e-07	
339	1.441342e-06	-1.90516e-04	1.795608e-10	-9.40051e-08	
340	1.450526e-06	-1.90538e-04	3.324888e-11	1.022690e-07	
341	1.460526e-06	-1.90494e-04	9.128844e-11	-9.75919e-08	
342	1.470526e-06	-1.90529e-04	-3.45710e-12	1.007882e-07	
343	1.480526e-06	-1.90490e-04	7.160789e-11	-9.82943e-08	
344	1.490526e-06	-1.90526e-04	-1.55101e-11	1.002887e-07	

Index   time            v1#branch       v2#branch       v3#branch       
--------------------------------------------------------------------------------
345	1.500526e-06	-1.90488e-04	6.306549e-11	-9.85615e-08	
346	1.510526e-06	-1.90525e-04	-2.17197e-11	1.000129e-07	
347	1.520526e-06	-1.90486e-04	5.822253e-11	-9.86910e-08	
348	1.530526e-06	-1.90524e-04	-2.54627e-11	9.983056e-08	
349	1.540526e-06	-1.90486e-04	5.510147e-11	-9.87582e-08	
350	1.550526e-06	-1.90523e-04	-2.79592e-11	9.969558e-08	
351	1.560526e-06	-1.90485e-04	5.291435e-11	-9.87924e-08	
352	1.570526e-06	-1.90522e-04	-2.97378e-11	9.958814e-08	
353	1.580526e-06	-1.90485e-04	5.129148e-11	-9.88075e-08	
354	1.590526e-06	-1.90522e-04	-3.10653e-11	9.949831e-08	
355	1.600000e-06	-1.90485e-04	5.006252e-11	-9.88083e-08	
356	1.600572e-06	-1.86068e-04	5.718968e-09	-7.98235e-06	
357	1.601717e-06	-1.85596e-04	7.496399e-09	-8.29783e-06	
358	1.603361e-06	-1.88853e-04	-2.08392e-08	-1.12010e-05	
359	1.605232e-06	-1.95241e-04	1.709169e-09	-1.51476e-05	
360	1.607037e-06	-1.93470e-04	-1.77373e-09	-8.03991e-06	
361	1.609038e-06	-1.90507e-04	1.780579e-09	-1.44720e-05	
362	1.610000e-06	-1.87732e-04	-1.78401e-09	-8.97067e-06	
363	1.610209e-06	-1.90490e-04	-1.27942e-10	1.348924e-07	
364	1.610627e-06	-1.90560e-04	1.042053e-10	-1.07131e-07	
365	1.611464e-06	-1.90500e-04	-9.40128e-11	9.543464e-08	
366	1.613136e-06	-1.90554e-04	8.917518e-11	-9.00950e-08	
367	1.616481e-06	-1.90498e-04	-8.69339e-11	8.754573e-08	
368	1.620000e-06	-1.90548e-04	8.473712e-11	-8.51914e-08	
369	1.620574e-06	-1.92044e-04	-4.67079e-11	1.164020e-05	
370	1.621722e-06	-1.91529e-04	3.489029e-11	1.113709e-05	
371	1.624017e-06	-1.91635e-04	-5.68816e-11	1.108060e-05	
372	1.626959e-06	-1.96785e-04	-2.68148e-09	1.177585e-05	
373	1.630000e-06	-1.96757e-04	7.122648e-09	7.462678e-06	
374	1.630308e-06	-1.92469e-04	4.911316e-09	9.209607e-07	
375	1.630925e-06	-1.91019e-04	2.088006e-09	8.366438e-08	
376	1.632158e-06	-1.90785e-04	7.293583e-10	1.266265e-07	
377	1.633927e-06	-1.90544e-04	4.444890e-10	-4.62833e-08	
378	1.635884e-06	-1.90623e-04	2.370048e-10	6.883488e-08	
379	1.639799e-06	-1.90492e-04	1.899914e-10	-4.55436e-08	
380	1.647628e-06	-1.90569e-04	5.511505e-11	5.315410e-08	
381	1.657628e-06	-1.90470e-04	8.499034e-11	-4.61248e-08	
382	1.667628e-06	-1.90554e-04	1.008630e-11	4.802349e-08	
383	1.677628e-06	-1.90467e-04	6.191690e-11	-4.37955e-08	
384	1.687628e-06	-1.90547e-04	-3.58791e-12	4.434110e-08	
385	1.697628e-06	-1.90468e-04	5.270562e-11	-4.10756e-08	
386	1.707628e-06	-1.90543e-04	-1.03001e-11	4.111353e-08	
387	1.717628e-06	-1.90470e-04	4.761535e-11	-3.83755e-08	
388	1.727628e-06	-1.90539e-04	-1.42898e-11	3.816416e-08	
389	1.737628e-06	-1.90472e-04	4.439942e-11	-3.57742e-08	
390	1.747628e-06	-1.90535e-04	-1.69339e-11	3.543064e-08	
391	1.757628e-06	-1.90474e-04	4.217782e-11	-3.32964e-08	
392	1.767628e-06	-1.90532e-04	-1.88111e-11	3.288164e-08	
393	1.777628e-06	-1.90476e-04	4.054574e-11	-3.09482e-08	
394	1.787628e-06	-1.90530e-04	-2.02076e-11	3.049730e-08	
395	1.797628e-06	-1.90478e-04	3.929036e-11	-2.87286e-08	
396	1.800000e-06	-1.90524e-04	-2.08531e-11	2.500726e-08	
397	1.800186e-06	-1.86475e-04	5.274467e-09	-7.63456e-06	
398	1.800557e-06	-1.85511e-04	6.331459e-09	-8.44036e-06	
399	1.801300e-06	-1.86000e-04	6.163529e-09	-7.95711e-06	
400	1.802785e-06	-1.85748e-04	7.887489e-09	-9.31930e-06	
401	1.804633e-06	-1.94859e-04	-4.25902e-08	-1.69265e-05	
402	1.806310e-06	-1.95431e-04	4.014678e-08	-6.20248e-06	

Index   time            v1#branch       v2#branch       v3#branch       
--------------------------------------------------------------------------------
403	1.807945e-06	-1.94895e-04	-3.81661e-08	-1.65007e-05	
404	1.809773e-06	-1.83683e-04	3.653961e-08	-6.49489e-06	
405	1.810000e-06	-1.93530e-04	-2.56771e-08	-1.59912e-05	
406	1.810186e-06	-1.90689e-04	-2.67465e-09	-3.16049e-07	
407	1.810558e-06	-1.90367e-04	2.156362e-09	2.561568e-07	
408	1.811241e-06	-1.90640e-04	-1.91354e-09	-2.29290e-07	
409	1.812607e-06	-1.90390e-04	1.801401e-09	2.171454e-07	
410	1.815338e-06	-1.90629e-04	-1.74762e-09	-2.11377e-07	
411	1.820000e-06	-1.90394e-04	1.716686e-09	2.080772e-07	
412	1.820546e-06	-1.92031e-04	1.130517e-11	1.165432e-05	
413	1.821639e-06	-1.91539e-04	-1.96400e-11	1.115254e-05	
414	1.823824e-06	-1.91602e-04	-1.60887e-12	1.107728e-05	
415	1.826740e-06	-1.96036e-04	-1.76974e-09	1.196023e-05	
416	1.829770e-06	-1.97361e-04	9.781327e-09	7.486982e-06	
417	1.830000e-06	-1.98931e-04	-2.29067e-09	1.142152e-05	
418	1.830067e-06	-1.93936e-04	3.991066e-09	2.198158e-06	
419	1.830200e-06	-1.92292e-04	6.533541e-09	6.641793e-07	
420	1.830466e-06	-1.91751e-04	2.655756e-09	5.571043e-07	
421	1.830998e-06	-1.90973e-04	2.532866e-09	8.819640e-08	
422	1.831914e-06	-1.90793e-04	2.898162e-10	1.140523e-07	
423	1.833411e-06	-1.90590e-04	1.099306e-09	-2.08658e-08	
424	1.835769e-06	-1.90603e-04	-2.98578e-10	5.337702e-08	
425	1.839929e-06	-1.90511e-04	7.321932e-10	-3.18167e-08	
426	1.847464e-06	-1.90550e-04	-4.76353e-10	4.012186e-08	
427	1.857464e-06	-1.90488e-04	6.180070e-10	-3.36609e-08	
428	1.867464e-06	-1.90536e-04	-5.15426e-10	3.620414e-08	
429	1.877464e-06	-1.90484e-04	5.858620e-10	-3.25444e-08	
430	1.887464e-06	-1.90531e-04	-5.21448e-10	3.370940e-08	
431	1.897464e-06	-1.90484e-04	5.681197e-10	-3.09869e-08	
432	1.907464e-06	-1.90527e-04	-5.20264e-10	3.160184e-08	
433	1.917464e-06	-1.90485e-04	5.547452e-10	-2.93768e-08	
434	1.927464e-06	-1.90524e-04	-5.16328e-10	2.970536e-08	
435	1.937464e-06	-1.90486e-04	5.433974e-10	-2.77985e-08	
436	1.947464e-06	-1.90522e-04	-5.11082e-10	2.796067e-08	
437	1.957464e-06	-1.90487e-04	5.331666e-10	-2.62805e-08	
438	1.967464e-06	-1.90520e-04	-5.05130e-10	2.633983e-08	
439	1.977464e-06	-1.90488e-04	5.236357e-10	-2.48329e-08	
440	1.987464e-06	-1.90518e-04	-4.98775e-10	2.480077e-08	
441	1.997464e-06	-1.90489e-04	5.145839e-10	-2.34558e-08	
442	2.000000e-06	-1.90514e-04	-4.80581e-10	2.153229e-08	
443	2.000191e-06	-1.86456e-04	5.403611e-09	-7.64883e-06	
444	2.000573e-06	-1.85508e-04	6.594553e-09	-8.43570e-06	
445	2.001338e-06	-1.85998e-04	6.390194e-09	-7.95830e-06	
446	2.002867e-06	-1.85881e-04	6.850342e-09	-9.48494e-06	
447	2.004777e-06	-1.96237e-04	-4.85594e-08	-1.70806e-05	
448	2.006522e-06	-1.93472e-04	4.604690e-08	-6.07699e-06	
449	2.008236e-06	-1.95151e-04	-4.39375e-08	-1.65039e-05	
450	2.010000e-06	-1.83303e-04	4.203829e-08	-6.63315e-06	
451	2.010186e-06	-1.90317e-04	3.844803e-09	2.227986e-07	
452	2.010558e-06	-1.90671e-04	-3.22066e-09	-1.79968e-07	
453	2.011302e-06	-1.90364e-04	2.946913e-09	1.622684e-07	
454	2.012790e-06	-1.90650e-04	-2.81926e-09	-1.54216e-07	
455	2.015766e-06	-1.90373e-04	2.757530e-09	1.503659e-07	
456	2.020000e-06	-1.90644e-04	-2.71516e-09	-1.47726e-07	
457	2.020595e-06	-1.92028e-04	-1.20896e-10	1.163590e-05	
458	2.021786e-06	-1.91499e-04	1.044521e-10	1.111953e-05	
459	2.024166e-06	-1.91641e-04	-1.26353e-10	1.109391e-05	
460	2.027086e-06	-1.97249e-04	-3.24684e-09	1.162020e-05	

Index   time            v1#branch       v2#branch       v3#branch       
--------------------------------------------------------------------------------
461	2.030000e-06	-1.96688e-04	6.100794e-09	7.578666e-06	
462	2.030314e-06	-1.92264e-04	4.366226e-09	8.250954e-07	
463	2.030941e-06	-1.90980e-04	1.811046e-09	6.675568e-08	
464	2.032196e-06	-1.90774e-04	7.847624e-10	1.246746e-07	
465	2.034105e-06	-1.90542e-04	3.194389e-10	-4.78623e-08	
466	2.036179e-06	-1.90615e-04	3.081189e-10	6.776450e-08	
467	2.040328e-06	-1.90494e-04	8.836728e-11	-4.54929e-08	
468	2.048625e-06	-1.90563e-04	1.379673e-10	5.239164e-08	
469	2.058625e-06	-1.90474e-04	-6.45184e-12	-4.54475e-08	
470	2.068625e-06	-1.90549e-04	9.629721e-11	4.704203e-08	
471	2.078625e-06	-1.90472e-04	-2.66398e-11	-4.27062e-08	
472	2.088625e-06	-1.90542e-04	8.225585e-11	4.302799e-08	
473	2.098625e-06	-1.90473e-04	-3.41711e-11	-3.96286e-08	
474	2.108625e-06	-1.90537e-04	7.466671e-11	3.947383e-08	
475	2.118625e-06	-1.90476e-04	-3.78484e-11	-3.65986e-08	
476	2.128625e-06	-1.90533e-04	6.965130e-11	3.621336e-08	
477	2.138625e-06	-1.90478e-04	-3.97604e-11	-3.36893e-08	
478	2.148625e-06	-1.90529e-04	6.592575e-11	3.318574e-08	
479	2.158625e-06	-1.90480e-04	-4.07349e-11	-3.09227e-08	
480	2.168625e-06	-1.90526e-04	6.294522e-11	3.035943e-08	
481	2.178625e-06	-1.90483e-04	-4.11493e-11	-2.82738e-08	
482	2.188625e-06	-1.90523e-04	6.043826e-11	2.771407e-08	
483	2.198625e-06	-1.90485e-04	-4.12222e-11	-2.58009e-08	
484	2.200000e-06	-1.90513e-04	5.528863e-11	1.843933e-08	
485	2.200132e-06	-1.86659e-04	5.029447e-09	-7.46668e-06	
486	2.200396e-06	-1.85540e-04	6.232641e-09	-8.45256e-06	
487	2.200924e-06	-1.85969e-04	5.590698e-09	-7.99149e-06	
488	2.201981e-06	-1.85636e-04	8.097159e-09	-8.43786e-06	
489	2.203477e-06	-1.89652e-04	-2.79502e-08	-1.21293e-05	
490	2.205008e-06	-1.92189e-04	1.641808e-08	-1.43346e-05	
491	2.206638e-06	-1.98362e-04	-1.57354e-08	-8.79921e-06	
492	2.208323e-06	-1.90115e-04	1.508236e-08	-1.37777e-05	
493	2.210000e-06	-1.88239e-04	-1.44517e-08	-9.38529e-06	
494	2.210186e-06	-1.90489e-04	-1.40978e-09	2.071888e-07	
495	2.210558e-06	-1.90525e-04	1.139570e-09	-1.58381e-07	
496	2.211302e-06	-1.90497e-04	-1.02222e-09	1.383290e-07	
497	2.212790e-06	-1.90521e-04	9.675070e-10	-1.29232e-07	
498	2.215766e-06	-1.90498e-04	-9.41200e-10	1.248915e-07	
499	2.220000e-06	-1.90520e-04	9.229884e-10	-1.21928e-07	
500	2.220595e-06	-1.92025e-04	-1.70974e-11	1.163534e-05	
501	2.221786e-06	-1.91502e-04	6.828166e-12	1.111999e-05	
502	2.224167e-06	-1.91637e-04	-3.17228e-11	1.109349e-05	
503	2.227086e-06	-1.97249e-04	-3.33456e-09	1.162130e-05	
504	2.230000e-06	-1.96692e-04	6.201246e-09	7.577194e-06	
505	2.230314e-06	-1.92270e-04	4.377049e-09	8.280021e-07	
506	2.230941e-06	-1.90980e-04	1.818177e-09	6.657609e-08	
507	2.232196e-06	-1.90775e-04	7.816008e-10	1.251840e-07	
508	2.234101e-06	-1.90541e-04	3.235138e-10	-4.82992e-08	
509	2.236173e-06	-1.90616e-04	3.051219e-10	6.824426e-08	
510	2.240316e-06	-1.90494e-04	9.189936e-11	-4.59456e-08	
511	2.248602e-06	-1.90564e-04	1.348112e-10	5.285709e-08	
512	2.258602e-06	-1.90473e-04	-3.14961e-12	-4.59092e-08	
513	2.268602e-06	-1.90550e-04	9.310685e-11	4.750852e-08	
514	2.278602e-06	-1.90471e-04	-2.34251e-11	-4.31732e-08	
515	2.288602e-06	-1.90543e-04	7.910415e-11	4.349810e-08	
516	2.298602e-06	-1.90473e-04	-3.10195e-11	-4.01000e-08	
517	2.308602e-06	-1.90538e-04	7.156314e-11	3.994766e-08	
518	2.318602e-06	-1.90475e-04	-3.47544e-11	-3.70738e-08	

Index   time            v1#branch       v2#branch       v3#branch       
--------------------------------------------------------------------------------
519	2.328602e-06	-1.90534e-04	6.659828e-11	3.669077e-08	
520	2.338602e-06	-1.90477e-04	-3.67217e-11	-3.41682e-08	
521	2.348602e-06	-1.90530e-04	6.292391e-11	3.366653e-08	
522	2.358602e-06	-1.90480e-04	-3.77499e-11	-3.14049e-08	
523	2.368602e-06	-1.90527e-04	5.999455e-11	3.084342e-08	
524	2.378602e-06	-1.90482e-04	-3.82236e-11	-2.87885e-08	
525	2.388602e-06	-1.90524e-04	5.753852e-11	2.820094e-08	
526	2.398602e-06	-1.90484e-04	-3.83411e-11	-2.62891e-08	
527	2.400000e-06	-1.90514e-04	5.265324e-11	1.905478e-08	
528	2.400133e-06	-1.86654e-04	5.035052e-09	-7.47167e-06	
529	2.400400e-06	-1.85538e-04	6.232635e-09	-8.45309e-06	
530	2.400933e-06	-1.85971e-04	5.601300e-09	-7.98946e-06	
531	2.402000e-06	-1.85633e-04	8.138322e-09	-8.45014e-06	
532	2.403509e-06	-1.89868e-04	-2.96728e-08	-1.23626e-05	
533	2.404994e-06	-1.91811e-04	1.930903e-08	-1.40650e-05	
534	2.406596e-06	-1.98930e-04	-1.84527e-08	-9.06091e-06	
535	2.408253e-06	-1.89975e-04	1.765366e-08	-1.35330e-05	
536	2.410000e-06	-1.88392e-04	-1.69282e-08	-9.60922e-06	
537	2.410183e-06	-1.90495e-04	-1.68669e-09	2.177215e-07	
538	2.410548e-06	-1.90520e-04	1.358524e-09	-1.65129e-07	
539	2.411279e-06	-1.90501e-04	-1.21631e-09	1.436058e-07	
540	2.412741e-06	-1.90517e-04	1.150108e-09	-1.33859e-07	
541	2.415664e-06	-1.90502e-04	-1.11828e-09	1.292131e-07	
542	2.420000e-06	-1.90516e-04	1.097160e-09	-1.26170e-07	
543	2.420585e-06	-1.92027e-04	-1.13603e-11	1.163658e-05	
544	2.421754e-06	-1.91508e-04	1.456399e-12	1.112938e-05	
545	2.424093e-06	-1.91628e-04	-2.54177e-11	1.108543e-05	
546	2.427010e-06	-1.96946e-04	-2.99053e-09	1.171172e-05	
547	2.430000e-06	-1.96810e-04	7.137722e-09	7.514119e-06	
548	2.430311e-06	-1.92465e-04	4.854651e-09	9.214204e-07	
549	2.430933e-06	-1.91009e-04	2.065399e-09	7.648829e-08	
550	2.432177e-06	-1.90787e-04	7.136110e-10	1.299860e-07	
551	2.433958e-06	-1.90540e-04	4.433506e-10	-5.00542e-08	
552	2.435928e-06	-1.90625e-04	2.298814e-10	7.189724e-08	
553	2.439867e-06	-1.90489e-04	1.919756e-10	-4.86029e-08	
554	2.447746e-06	-1.90571e-04	5.047973e-11	5.605583e-08	
555	2.457746e-06	-1.90467e-04	8.821062e-11	-4.89850e-08	
556	2.467746e-06	-1.90557e-04	6.166427e-12	5.079613e-08	
557	2.477746e-06	-1.90465e-04	6.531338e-11	-4.65071e-08	
558	2.487746e-06	-1.90550e-04	-7.31999e-12	4.697578e-08	
559	2.497746e-06	-1.90466e-04	5.611903e-11	-4.36487e-08	
560	2.507746e-06	-1.90545e-04	-1.39226e-11	4.361639e-08	
561	2.517746e-06	-1.90468e-04	5.100698e-11	-4.08189e-08	
562	2.527746e-06	-1.90541e-04	-1.78279e-11	4.054236e-08	
563	2.537746e-06	-1.90470e-04	4.775445e-11	-3.80958e-08	
564	2.547746e-06	-1.90537e-04	-2.03986e-11	3.769124e-08	
565	2.557746e-06	-1.90472e-04	4.548936e-11	-3.55034e-08	
566	2.567746e-06	-1.90534e-04	-2.22083e-11	3.503140e-08	
567	2.577746e-06	-1.90474e-04	4.381016e-11	-3.30472e-08	
568	2.587746e-06	-1.90531e-04	-2.35408e-11	3.254264e-08	
569	2.597746e-06	-1.90477e-04	4.250560e-11	-3.07261e-08	
570	2.600000e-06	-1.90525e-04	-2.40222e-11	2.658415e-08	
571	2.600180e-06	-1.86492e-04	5.238479e-09	-7.61926e-06	
572	2.600539e-06	-1.85512e-04	6.302677e-09	-8.44417e-06	
573	2.601257e-06	-1.85999e-04	6.077240e-09	-7.95586e-06	
574	2.602694e-06	-1.85664e-04	8.569741e-09	-9.16920e-06	
575	2.604301e-06	-1.93761e-04	-4.64404e-08	-1.67231e-05	
576	2.605820e-06	-1.96507e-04	4.308343e-08	-6.87181e-06	

Index   time            v1#branch       v2#branch       v3#branch       
--------------------------------------------------------------------------------
577	2.607286e-06	-1.93318e-04	-4.06751e-08	-1.63480e-05	
578	2.609060e-06	-1.86627e-04	3.887102e-08	-6.20625e-06	
579	2.610000e-06	-1.91916e-04	-3.57463e-08	-1.69697e-05	
580	2.610174e-06	-1.90912e-04	-3.79813e-09	-1.53980e-07	
581	2.610522e-06	-1.90590e-04	3.027402e-09	1.302194e-07	
582	2.611219e-06	-1.90813e-04	-2.69559e-09	-1.24171e-07	
583	2.612612e-06	-1.90530e-04	2.541983e-09	1.187067e-07	
584	2.615399e-06	-1.90713e-04	-2.46824e-09	-1.17668e-07	
585	2.620000e-06	-1.90452e-04	2.424244e-09	1.162235e-07	
586	2.620557e-06	-1.92087e-04	3.602910e-11	1.164841e-05	
587	2.621672e-06	-1.91583e-04	-4.30792e-11	1.114657e-05	
588	2.623901e-06	-1.91656e-04	2.023520e-11	1.107797e-05	
589	2.626843e-06	-1.96408e-04	-2.20594e-09	1.189308e-05	
590	2.629889e-06	-1.96913e-04	7.912836e-09	7.442004e-06	
591	2.630000e-06	-1.98071e-04	-1.24549e-09	1.059721e-05	
592	2.630061e-06	-1.93748e-04	4.225090e-09	1.959699e-06	
593	2.630184e-06	-1.92415e-04	6.465267e-09	7.691417e-07	
594	2.630429e-06	-1.91796e-04	2.807185e-09	5.593414e-07	
595	2.630920e-06	-1.91050e-04	2.624838e-09	1.340322e-07	
596	2.631901e-06	-1.90774e-04	2.788631e-10	9.375760e-08	
597	2.633299e-06	-1.90612e-04	1.102199e-09	-3.21810e-09	
598	2.635662e-06	-1.90590e-04	-2.96620e-10	3.953601e-08	
599	2.639527e-06	-1.90526e-04	7.346811e-10	-1.85532e-08	
600	2.647187e-06	-1.90538e-04	-4.75889e-10	2.790450e-08	
601	2.657187e-06	-1.90500e-04	6.170671e-10	-2.18804e-08	
602	2.667187e-06	-1.90525e-04	-5.15943e-10	2.493301e-08	
603	2.677187e-06	-1.90495e-04	5.858378e-10	-2.17327e-08	
604	2.687187e-06	-1.90521e-04	-5.22599e-10	2.337571e-08	
605	2.697187e-06	-1.90494e-04	5.688932e-10	-2.10928e-08	
606	2.707187e-06	-1.90518e-04	-5.22049e-10	2.216198e-08	
607	2.717187e-06	-1.90494e-04	5.562821e-10	-2.03532e-08	
608	2.727187e-06	-1.90516e-04	-5.18757e-10	2.111158e-08	
609	2.737187e-06	-1.90494e-04	5.456695e-10	-1.95980e-08	
610	2.747187e-06	-1.90514e-04	-5.14162e-10	2.014477e-08	
611	2.757187e-06	-1.90494e-04	5.361514e-10	-1.88532e-08	
612	2.767187e-06	-1.90513e-04	-5.08858e-10	1.927540e-08	
613	2.777187e-06	-1.90495e-04	5.273179e-10	-1.81342e-08	
614	2.787187e-06	-1.90512e-04	-5.03147e-10	1.847009e-08	
615	2.797187e-06	-1.90495e-04	5.189526e-10	-1.74461e-08	
616	2.800000e-06	-1.90510e-04	-4.87917e-10	1.689970e-08	
617	2.800208e-06	-1.86414e-04	5.347089e-09	-7.68969e-06	
618	2.800625e-06	-1.85512e-04	6.453735e-09	-8.42310e-06	
619	2.801459e-06	-1.85997e-04	6.458472e-09	-7.97335e-06	
620	2.803127e-06	-1.86726e-04	-1.73158e-09	-1.01707e-05	
621	2.804975e-06	-1.96171e-04	-3.07393e-08	-1.65472e-05	
622	2.806733e-06	-1.93307e-04	2.912952e-08	-6.62506e-06	
623	2.808614e-06	-1.93607e-04	-2.78705e-08	-1.59033e-05	
624	2.810000e-06	-1.84751e-04	2.628980e-08	-7.36323e-06	
625	2.810190e-06	-1.90371e-04	2.417415e-09	1.913968e-07	
626	2.810569e-06	-1.90623e-04	-2.03263e-09	-1.53705e-07	
627	2.811327e-06	-1.90405e-04	1.863395e-09	1.380903e-07	
628	2.812843e-06	-1.90608e-04	-1.78447e-09	-1.30938e-07	
629	2.815875e-06	-1.90411e-04	1.746064e-09	1.275857e-07	
630	2.820000e-06	-1.90604e-04	-1.71861e-09	-1.25144e-07	
631	2.820606e-06	-1.92024e-04	-9.24961e-11	1.163470e-05	
632	2.821819e-06	-1.91492e-04	7.782579e-11	1.110949e-05	
633	2.824245e-06	-1.91650e-04	-1.01861e-10	1.110400e-05	
634	2.827163e-06	-1.97559e-04	-3.59457e-09	1.152343e-05	

Index   time            v1#branch       v2#branch       v3#branch       
--------------------------------------------------------------------------------
635	2.830000e-06	-1.96593e-04	5.199320e-09	7.653890e-06	
636	2.830317e-06	-1.92080e-04	3.953119e-09	7.426815e-07	
637	2.830951e-06	-1.90918e-04	1.887721e-09	3.290320e-08	
638	2.832218e-06	-1.90796e-04	5.087145e-10	1.470343e-07	
639	2.834262e-06	-1.90510e-04	5.254839e-10	-7.24813e-08	
640	2.836444e-06	-1.90639e-04	6.688507e-11	9.068866e-08	
641	2.840807e-06	-1.90466e-04	3.003678e-10	-6.92086e-08	
642	2.849533e-06	-1.90589e-04	-8.66789e-11	7.560798e-08	
643	2.859533e-06	-1.90447e-04	2.094271e-10	-6.87326e-08	
644	2.869533e-06	-1.90575e-04	-1.21848e-10	7.009731e-08	
645	2.879533e-06	-1.90446e-04	1.876681e-10	-6.56831e-08	
646	2.889533e-06	-1.90568e-04	-1.32280e-10	6.583753e-08	
647	2.899533e-06	-1.90447e-04	1.776121e-10	-6.23386e-08	
648	2.909533e-06	-1.90563e-04	-1.36710e-10	6.197973e-08	
649	2.919533e-06	-1.90450e-04	1.712203e-10	-5.90610e-08	
650	2.929533e-06	-1.90558e-04	-1.38712e-10	5.849069e-08	
651	2.939533e-06	-1.90453e-04	1.665369e-10	-5.59194e-08	
652	2.949533e-06	-1.90554e-04	-1.39503e-10	5.524512e-08	
653	2.959533e-06	-1.90455e-04	1.627790e-10	-5.29338e-08	
654	2.969533e-06	-1.90551e-04	-1.39601e-10	5.221174e-08	
655	2.979533e-06	-1.90458e-04	1.595807e-10	-5.01075e-08	
656	2.989533e-06	-1.90548e-04	-1.39268e-10	4.936984e-08	
657	2.999533e-06	-1.90460e-04	1.567478e-10	-4.74377e-08	
658	3.000000e-06	-1.90524e-04	-1.21870e-10	2.650743e-08	
659	3.000083e-06	-1.86944e-04	4.636777e-09	-7.20071e-06	
660	3.000248e-06	-1.85685e-04	6.286729e-09	-8.35473e-06	
661	3.000578e-06	-1.85870e-04	5.146876e-09	-8.12521e-06	
662	3.001239e-06	-1.85769e-04	6.853363e-09	-8.15549e-06	
663	3.002560e-06	-1.85768e-04	7.948700e-09	-8.85583e-06	
664	3.004064e-06	-1.92334e-04	-3.86958e-08	-1.54122e-05	
665	3.005472e-06	-1.94995e-04	3.494305e-08	-9.36745e-06	
666	3.007046e-06	-1.95200e-04	-3.30841e-08	-1.39105e-05	
667	3.008812e-06	-1.88118e-04	3.158855e-08	-8.59237e-06	
668	3.010000e-06	-1.90209e-04	-2.95312e-08	-1.46599e-05	
669	3.010178e-06	-1.90673e-04	-3.14491e-09	5.247708e-08	
670	3.010534e-06	-1.90517e-04	2.518970e-09	-2.89013e-08	
671	3.011246e-06	-1.90645e-04	-2.24864e-09	1.896381e-08	
672	3.012671e-06	-1.90511e-04	2.123129e-09	-1.50242e-08	
673	3.015519e-06	-1.90618e-04	-2.06275e-09	1.277406e-08	
674	3.020000e-06	-1.90486e-04	2.024969e-09	-1.16606e-08	
675	3.020570e-06	-1.92066e-04	2.138127e-11	1.164202e-05	
676	3.021709e-06	-1.91556e-04	-2.93784e-11	1.113966e-05	
677	3.023988e-06	-1.91650e-04	5.898455e-12	1.107966e-05	
678	3.026932e-06	-1.96715e-04	-2.60573e-09	1.180894e-05	
679	3.030000e-06	-1.96712e-04	7.108654e-09	7.435003e-06	
680	3.030307e-06	-1.92458e-04	4.906433e-09	9.135919e-07	
681	3.030922e-06	-1.91022e-04	2.089514e-09	8.674593e-08	
682	3.032151e-06	-1.90784e-04	7.353852e-10	1.244995e-07	
683	3.033922e-06	-1.90546e-04	4.432327e-10	-4.43263e-08	
684	3.035879e-06	-1.90621e-04	2.396538e-10	6.718958e-08	
685	3.039793e-06	-1.90494e-04	1.882600e-10	-4.40131e-08	
686	3.047620e-06	-1.90567e-04	5.725364e-11	5.168737e-08	
687	3.057620e-06	-1.90471e-04	8.310891e-11	-4.47036e-08	
688	3.067620e-06	-1.90553e-04	1.210399e-11	4.664926e-08	
689	3.077620e-06	-1.90469e-04	6.002688e-11	-4.24644e-08	
690	3.087620e-06	-1.90546e-04	-1.61846e-12	4.305558e-08	
691	3.097620e-06	-1.90469e-04	5.082247e-11	-3.98311e-08	
692	3.107620e-06	-1.90542e-04	-8.36427e-12	3.991176e-08	

Index   time            v1#branch       v2#branch       v3#branch       
--------------------------------------------------------------------------------
693	3.117620e-06	-1.90471e-04	4.574646e-11	-3.72124e-08	
694	3.127620e-06	-1.90538e-04	-1.23825e-11	3.704133e-08	
695	3.137620e-06	-1.90473e-04	4.254768e-11	-3.46879e-08	
696	3.147620e-06	-1.90534e-04	-1.50526e-11	3.438218e-08	
697	3.157620e-06	-1.90475e-04	4.034469e-11	-3.22824e-08	
698	3.167620e-06	-1.90531e-04	-1.69546e-11	3.190323e-08	
699	3.177620e-06	-1.90477e-04	3.873208e-11	-3.00022e-08	
700	3.187620e-06	-1.90529e-04	-1.83751e-11	2.958488e-08	
701	3.197620e-06	-1.90479e-04	3.749670e-11	-2.78468e-08	
702	3.200000e-06	-1.90523e-04	-1.90785e-11	2.426233e-08	
703	3.200186e-06	-1.86474e-04	5.282661e-09	-7.63533e-06	
704	3.200558e-06	-1.85511e-04	6.341717e-09	-8.44012e-06	
705	3.201302e-06	-1.85999e-04	6.175469e-09	-7.95714e-06	
706	3.202789e-06	-1.85753e-04	7.852570e-09	-9.32645e-06	
707	3.204639e-06	-1.94924e-04	-4.29016e-08	-1.69360e-05	
708	3.206320e-06	-1.95344e-04	4.045308e-08	-6.19427e-06	
709	3.207957e-06	-1.94914e-04	-3.84635e-08	-1.65022e-05	
710	3.209786e-06	-1.83658e-04	3.682695e-08	-6.50001e-06	
711	3.210000e-06	-1.93511e-04	-2.52903e-08	-1.59398e-05	
712	3.210187e-06	-1.90686e-04	-2.62626e-09	-3.09055e-07	
713	3.210562e-06	-1.90370e-04	2.119794e-09	2.510642e-07	
714	3.211227e-06	-1.90637e-04	-1.87510e-09	-2.24224e-07	
715	3.212558e-06	-1.90392e-04	1.762351e-09	2.121230e-07	
716	3.215219e-06	-1.90626e-04	-1.70834e-09	-2.06382e-07	
717	3.220000e-06	-1.90397e-04	1.678816e-09	2.032623e-07	
718	3.220532e-06	-1.92034e-04	1.030156e-11	1.165630e-05	
719	3.221597e-06	-1.91548e-04	-1.86010e-11	1.116534e-05	
720	3.223726e-06	-1.91597e-04	-1.59376e-12	1.107407e-05	
721	3.226641e-06	-1.95788e-04	-1.39719e-09	1.201873e-05	
722	3.229650e-06	-1.97582e-04	1.042558e-08	7.535286e-06	
723	3.230000e-06	-1.99087e-04	-3.06738e-09	1.164097e-05	
724	3.230081e-06	-1.93647e-04	3.492545e-09	2.075833e-06	
725	3.230243e-06	-1.91865e-04	5.717182e-09	4.020417e-07	
726	3.230566e-06	-1.91528e-04	2.024525e-09	4.714993e-07	
727	3.231213e-06	-1.90811e-04	2.147594e-09	6.736298e-09	
728	3.232206e-06	-1.90777e-04	1.536832e-10	1.265621e-07	
729	3.233987e-06	-1.90545e-04	1.018538e-09	-4.81843e-08	
730	3.236749e-06	-1.90613e-04	-3.41587e-10	7.107181e-08	
731	3.241858e-06	-1.90483e-04	7.064783e-10	-5.21416e-08	
732	3.250666e-06	-1.90567e-04	-4.91624e-10	5.804503e-08	
733	3.260666e-06	-1.90467e-04	6.138554e-10	-5.16577e-08	
734	3.270666e-06	-1.90554e-04	-5.19743e-10	5.314889e-08	
735	3.280666e-06	-1.90466e-04	5.852479e-10	-4.90207e-08	
736	3.290666e-06	-1.90548e-04	-5.23855e-10	4.936829e-08	
737	3.300666e-06	-1.90467e-04	5.683093e-10	-4.61066e-08	
738	3.310666e-06	-1.90543e-04	-5.21942e-10	4.600592e-08	
739	3.320666e-06	-1.90469e-04	5.551879e-10	-4.32387e-08	
740	3.330666e-06	-1.90539e-04	-5.17609e-10	4.291578e-08	
741	3.340666e-06	-1.90472e-04	5.438998e-10	-4.04826e-08	
742	3.350666e-06	-1.90535e-04	-5.12094e-10	4.004237e-08	
743	3.360666e-06	-1.90474e-04	5.336463e-10	-3.78583e-08	
744	3.370666e-06	-1.90532e-04	-5.05933e-10	3.735652e-08	
745	3.380666e-06	-1.90476e-04	5.240513e-10	-3.53701e-08	
746	3.390666e-06	-1.90529e-04	-4.99395e-10	3.483912e-08	
747	3.400000e-06	-1.90479e-04	5.146711e-10	-3.29341e-08	
748	3.400556e-06	-1.86067e-04	5.889420e-09	-7.98089e-06	
749	3.401667e-06	-1.85596e-04	7.622354e-09	-8.28637e-06	
750	3.403258e-06	-1.87987e-04	-1.26605e-08	-1.06691e-05	

Index   time            v1#branch       v2#branch       v3#branch       
--------------------------------------------------------------------------------
751	3.405074e-06	-1.96032e-04	-2.13929e-08	-1.62410e-05	
752	3.406860e-06	-1.93095e-04	2.023423e-08	-6.94068e-06	
753	3.408723e-06	-1.92749e-04	-1.93087e-08	-1.55574e-05	
754	3.410000e-06	-1.85588e-04	1.806108e-08	-7.75955e-06	
755	3.410193e-06	-1.90402e-04	1.683450e-09	1.894291e-07	
756	3.410580e-06	-1.90610e-04	-1.42159e-09	-1.51690e-07	
757	3.411354e-06	-1.90430e-04	1.305975e-09	1.360111e-07	
758	3.412902e-06	-1.90597e-04	-1.25193e-09	-1.28872e-07	
759	3.415998e-06	-1.90434e-04	1.225711e-09	1.254455e-07	
760	3.420000e-06	-1.90592e-04	-1.20593e-09	-1.22868e-07	
761	3.420619e-06	-1.92027e-04	-7.74601e-11	1.163278e-05	
762	3.421857e-06	-1.91490e-04	6.369773e-11	1.109886e-05	
763	3.424334e-06	-1.91670e-04	-8.97446e-11	1.111683e-05	
764	3.427268e-06	-1.98034e-04	-3.91904e-09	1.140558e-05	
765	3.430000e-06	-1.96331e-04	3.522149e-09	7.733420e-06	
766	3.430320e-06	-1.91755e-04	3.023088e-09	5.946796e-07	
767	3.430961e-06	-1.90843e-04	1.591726e-09	1.084508e-08	
768	3.432243e-06	-1.90775e-04	6.131881e-10	1.359303e-07	
769	3.434806e-06	-1.90498e-04	3.509115e-10	-7.08500e-08	
770	3.437223e-06	-1.90625e-04	1.636186e-10	8.349647e-08	
771	3.442056e-06	-1.90465e-04	1.653587e-10	-6.50613e-08	
772	3.451724e-06	-1.90584e-04	1.415672e-11	7.090797e-08	
773	3.461724e-06	-1.90450e-04	9.368832e-11	-6.40436e-08	
774	3.471724e-06	-1.90571e-04	-1.50195e-11	6.503937e-08	
775	3.481724e-06	-1.90450e-04	7.639105e-11	-6.04476e-08	
776	3.491724e-06	-1.90564e-04	-2.53848e-11	6.031810e-08	
777	3.501724e-06	-1.90452e-04	6.866539e-11	-5.66198e-08	
778	3.511724e-06	-1.90558e-04	-3.06663e-11	5.607127e-08	
779	3.521724e-06	-1.90455e-04	6.411099e-11	-5.28947e-08	
780	3.531724e-06	-1.90553e-04	-3.38078e-11	5.215130e-08	
781	3.541724e-06	-1.90458e-04	6.106814e-11	-4.93346e-08	
782	3.551724e-06	-1.90549e-04	-3.58481e-11	4.849975e-08	
783	3.561724e-06	-1.90461e-04	5.885295e-11	-4.59564e-08	
784	3.571724e-06	-1.90545e-04	-3.72432e-11	4.508444e-08	
785	3.581724e-06	-1.90464e-04	5.713874e-11	-4.27615e-08	
786	3.591724e-06	-1.90541e-04	-3.82261e-11	4.188339e-08	
787	3.600000e-06	-1.90467e-04	5.581333e-11	-3.93995e-08	
788	3.600525e-06	-1.86088e-04	5.353692e-09	-7.97594e-06	
789	3.601575e-06	-1.85604e-04	6.814253e-09	-8.27500e-06	
790	3.603143e-06	-1.86933e-04	-1.18240e-09	-1.00821e-05	
791	3.604857e-06	-1.94145e-04	-1.85242e-08	-1.63404e-05	
792	3.606772e-06	-1.95575e-04	1.752033e-08	-6.74568e-06	
793	3.608511e-06	-1.92854e-04	-1.66540e-08	-1.58383e-05	
794	3.610000e-06	-1.85509e-04	1.572891e-08	-7.40746e-06	
795	3.610201e-06	-1.90397e-04	1.383638e-09	2.114695e-07	
796	3.610604e-06	-1.90599e-04	-1.17652e-09	-1.70521e-07	
797	3.611410e-06	-1.90423e-04	1.084596e-09	1.533772e-07	
798	3.613021e-06	-1.90587e-04	-1.04153e-09	-1.45523e-07	
799	3.616244e-06	-1.90429e-04	1.020585e-09	1.417605e-07	
800	3.620000e-06	-1.90583e-04	-1.00308e-09	-1.38605e-07	
801	3.620645e-06	-1.92014e-04	-6.96092e-11	1.162844e-05	
802	3.621934e-06	-1.91467e-04	5.626731e-11	1.107842e-05	
803	3.624512e-06	-1.91698e-04	-8.61536e-11	1.114747e-05	
804	3.627426e-06	-1.98626e-04	-4.14999e-09	1.121522e-05	
805	3.630000e-06	-1.96219e-04	2.288029e-09	7.890718e-06	
806	3.630311e-06	-1.91502e-04	2.256095e-09	4.967542e-07	
807	3.630933e-06	-1.90764e-04	1.371862e-09	-2.65904e-08	
808	3.632177e-06	-1.90781e-04	5.783615e-10	1.471127e-07	

Index   time            v1#branch       v2#branch       v3#branch       
--------------------------------------------------------------------------------
809	3.634665e-06	-1.90488e-04	3.412289e-10	-8.05314e-08	
810	3.637579e-06	-1.90634e-04	1.490270e-10	9.429563e-08	
811	3.643407e-06	-1.90450e-04	1.440362e-10	-7.63612e-08	
812	3.653407e-06	-1.90593e-04	2.453466e-11	8.065380e-08	
813	3.663407e-06	-1.90438e-04	7.949941e-11	-7.38756e-08	
814	3.673407e-06	-1.90580e-04	-2.40875e-12	7.423485e-08	
815	3.683407e-06	-1.90440e-04	6.329938e-11	-6.94887e-08	
816	3.693407e-06	-1.90573e-04	-1.24688e-11	6.883427e-08	
817	3.703407e-06	-1.90443e-04	5.601295e-11	-6.49588e-08	
818	3.713407e-06	-1.90566e-04	-1.77481e-11	6.392513e-08	
819	3.723407e-06	-1.90446e-04	5.178683e-11	-6.05344e-08	
820	3.733407e-06	-1.90561e-04	-2.35605e-11	5.961671e-08	
821	3.743407e-06	-1.90450e-04	4.917179e-11	-5.64332e-08	
822	3.753407e-06	-1.90556e-04	-2.54763e-11	5.535870e-08	
823	3.763407e-06	-1.90454e-04	4.728295e-11	-5.24872e-08	
824	3.773407e-06	-1.90552e-04	-2.68429e-11	5.137670e-08	
825	3.783407e-06	-1.90457e-04	4.582377e-11	-4.87550e-08	
826	3.793407e-06	-1.90548e-04	-2.78488e-11	4.764440e-08	
827	3.800000e-06	-1.90462e-04	4.477628e-11	-4.42967e-08	
828	3.800433e-06	-1.86141e-04	5.199947e-09	-7.93578e-06	
829	3.801300e-06	-1.85592e-04	6.390964e-09	-8.27657e-06	
830	3.803033e-06	-1.86505e-04	2.992974e-09	-9.55497e-06	
831	3.804745e-06	-1.93612e-04	-2.11522e-08	-1.66461e-05	
832	3.806608e-06	-1.96511e-04	1.995202e-08	-6.43346e-06	
833	3.808373e-06	-1.93285e-04	-1.89794e-08	-1.61988e-05	
834	3.810000e-06	-1.85104e-04	1.801733e-08	-6.99929e-06	
835	3.810193e-06	-1.90379e-04	1.652179e-09	2.313087e-07	
836	3.810580e-06	-1.90607e-04	-1.39479e-09	-1.85405e-07	
837	3.811354e-06	-1.90410e-04	1.281258e-09	1.663124e-07	
838	3.812902e-06	-1.90594e-04	-1.22821e-09	-1.57591e-07	
839	3.815997e-06	-1.90416e-04	1.202468e-09	1.534216e-07	
840	3.820000e-06	-1.90590e-04	-1.18306e-09	-1.50267e-07	
841	3.820619e-06	-1.92016e-04	-7.68858e-11	1.163186e-05	
842	3.821857e-06	-1.91479e-04	6.315909e-11	1.109969e-05	
843	3.824334e-06	-1.91658e-04	-8.92003e-11	1.111579e-05	
844	3.827224e-06	-1.97765e-04	-3.88476e-09	1.142799e-05	
845	3.830000e-06	-1.96664e-04	5.062942e-09	7.746204e-06	
846	3.830321e-06	-1.92045e-04	3.822030e-09	7.307383e-07	
847	3.830963e-06	-1.90902e-04	1.812262e-09	2.846543e-08	
848	3.832247e-06	-1.90785e-04	6.174265e-10	1.384112e-07	
849	3.834339e-06	-1.90516e-04	3.833267e-10	-6.38877e-08	
850	3.836565e-06	-1.90629e-04	1.864470e-10	8.128638e-08	
851	3.841017e-06	-1.90473e-04	1.716947e-10	-5.98682e-08	
852	3.849922e-06	-1.90580e-04	3.524580e-11	6.602736e-08	
853	3.859922e-06	-1.90456e-04	8.535809e-11	-5.90953e-08	
854	3.869922e-06	-1.90566e-04	-1.21513e-13	6.030499e-08	
855	3.879922e-06	-1.90455e-04	6.576277e-11	-5.57906e-08	
856	3.889922e-06	-1.90559e-04	-1.18856e-11	5.581313e-08	
857	3.899922e-06	-1.90457e-04	5.748143e-11	-5.22114e-08	
858	3.909922e-06	-1.90554e-04	-1.78034e-11	5.179328e-08	
859	3.919922e-06	-1.90459e-04	5.276313e-11	-4.87155e-08	
860	3.929922e-06	-1.90549e-04	-2.13421e-11	4.808983e-08	
861	3.939922e-06	-1.90462e-04	4.970554e-11	-4.53695e-08	
862	3.949922e-06	-1.90545e-04	-2.36790e-11	4.464319e-08	
863	3.959922e-06	-1.90465e-04	4.754331e-11	-4.21923e-08	
864	3.969922e-06	-1.90541e-04	-2.53203e-11	4.142129e-08	
865	3.979922e-06	-1.90468e-04	4.591736e-11	-3.91864e-08	
866	3.989922e-06	-1.90538e-04	-2.65211e-11	3.840261e-08	

Index   time            v1#branch       v2#branch       v3#branch       
--------------------------------------------------------------------------------
867	3.999922e-06	-1.90471e-04	4.463643e-11	-3.63481e-08	
868	4.000000e-06	-1.90464e-04	-1.51573e-11	-3.24500e-08	
